,HP_surface,POL_surface,CHG_surface,HP_interface,POL_interface,CHG_interface,nom
0,11,8,10,1,2,2,1a3c
0,24,20,22,10,10,7,1ad3
0,35,29,18,8,7,6,1afw
0,14,11,4,5,0,2,1bo4
0,25,26,26,2,0,3,1db3
0,14,13,17,0,4,2,1dk4
0,29,29,16,2,5,1,1e3i
0,22,15,25,1,0,1,1e58
0,20,12,16,0,2,2,1f89
0,10,16,12,2,2,1,1gv3
0,47,41,27,5,7,3,1jsc
0,40,47,22,18,5,7,1lvl
0,17,20,15,6,1,0,1m0s
0,11,17,18,3,4,4,1mjf
0,22,9,11,5,2,2,1nf9
0,18,22,37,5,3,6,1pv9
0,41,28,12,23,9,8,1qax
0,34,28,29,2,4,4,1tvl
0,23,11,8,1,2,1,1x77
0,25,19,17,5,4,2,2btm
0,18,20,24,4,3,5,3r12
