,HP_surface,POL_surface,CHG_surface,HP_interface1,POL_interface1,CHG_interface1,HP_interface2,POL_interface2,CHG_interface2,nom
0,31,29,32,2,3,9,1,2,1,1a16
0,37,33,24,7,7,4,3,6,6,1a4s
0,13,20,16,2,3,7,0,1,6,1b9b
0,52,23,16,13,12,3,11,3,4,1bfd
0,21,22,19,16,13,4,7,3,6,1dq8
0,21,20,14,6,5,2,2,2,3,1eyi
0,33,30,13,2,6,0,2,3,4,1f8f
0,29,26,33,10,4,4,1,1,0,1f8w
0,18,21,20,3,5,3,4,2,2,1fo6
0,11,12,20,2,4,1,2,3,4,1inl
0,20,9,8,3,2,2,2,2,3,1j2r
0,15,11,17,2,1,3,3,5,0,1lk5
0,55,36,17,10,10,3,0,3,0,1m3k
0,30,23,17,5,4,1,1,2,5,1m41
0,8,8,9,3,1,1,2,2,3,1non
0,5,7,7,2,2,0,0,0,1,1qsm
0,10,12,3,0,2,0,1,1,2,1rli
0,14,20,25,4,0,1,3,4,1,1t2a
0,25,16,12,4,2,4,9,1,2,1ub3
0,16,14,12,1,2,1,2,1,1,3mds
0,16,14,13,0,0,2,1,0,1,3pgm
